                CDU       SPD       AfD       FDP  DIE LINKE     GRÜNE
Wahlkreis                                                             
1          0.264244  0.272102  0.070727  0.100196   0.131631  0.128684
1          0.225248  0.308168  0.102723  0.065594   0.129950  0.090347
1          0.212707  0.323204  0.098066  0.077348   0.131215  0.106354
1          0.180495  0.288210  0.078603  0.061135   0.165939  0.163028
1          0.124490  0.269388  0.097959  0.048980   0.251020  0.114286
            ...       ...       ...       ...        ...       ...
299        0.295082  0.259016  0.059016  0.140984   0.137705  0.065574
299        0.415311  0.212440  0.065072  0.111962   0.078947  0.064593
299        0.369930  0.275284  0.058951  0.082207   0.102217  0.063277
299        0.407885  0.262320  0.066717  0.076573   0.093252  0.048522
299        0.400746  0.267474  0.086673  0.069897   0.088537  0.047530

[88499 rows x 6 columns]
